138.236  -20.7403  3.729402502  0.02949787336
138.02975  -21.0028  1.655515845  0.02949787336
138.536  -21.3403  0.5330694965  0.02949787336
138.536  -21.0403  -2.158065148  0.02949787336
138.161  -21.1903  -4.854783433  0.02949787336
138.3719375  -21.255925  -7.596983399  0.02949787336
138.461  -21.1903  -7.911155134  0.02949787336
138.236  -21.0403  -8.555285396  0.02949787336
138.423207  -21.15104219  -10.10890149  0.02949787336
138.25475  -21.1528  -11.16179196  0.02949787336
138.3684219  -21.08483125  -11.79377118  0.02949787336
138.2699844  -21.09420625  -12.82221593  0.02949787336
138.3531875  -21.143425  -13.17991405  0.02949787336
138.2779128  -21.0925583  -13.47601472  0.02949787336
138.2951064  -21.06681367  -14.05193223  0.02949787336
138.3400039  -21.10182344  -14.28324852  0.02949787336
138.3258178  -21.07705842  -14.48854875  0.02949787336
138.2978176  -21.08703538  -14.77813918  0.02949787336
138.3208605  -21.11099874  -14.8641041  0.02949787336
138.30829  -21.10841523  -14.88656671  0.02949787336
138.3244811  -21.09950715  -15.0183831  0.02949787336
138.3096267  -21.0859665  -15.10119274  0.02949787336
138.3175784  -21.08803774  -15.1195281  0.02949787336
138.312672  -21.10057603  -15.13024037  0.02949787336
138.3085185  -21.09327681  -15.14122767  0.02949787336
138.3120935  -21.08959898  -15.16753931  0.02949787336
138.3178152  -21.09638921  -15.16906178  0.02949787336
138.3138986  -21.09744146  -15.17610433  0.02949787336
138.3140276  -21.09039421  -15.1782149  0.02949787336
138.3170513  -21.09554257  -15.17873145  0.02949787336
138.3124352  -21.09222456  -15.18598915  0.02949787336
138.3154911  -21.09561111  -15.18758101  0.02949787336
138.3139954  -21.09215603  -15.18965383  0.02949787336
138.3142355  -21.09500612  -15.19075311  0.02949787336
138.3135892  -21.09305407  -15.19177113  0.02949787336
138.3146417  -21.09410808  -15.19248223  0.02949787336
initial starting values: 138.236  -21.0403  221.4493968
final values: 138.3146417  -21.09410808  205.2569146
angular separation: 0.09099834336 degrees
