8447
8446
8445
8444
8443
8442
8441
8436
8434
8433
8430
8429
8426
8424
8423
8422
8421
8420
8417
8414
8409
8408
8404
8399
8395
8391
8390
8389
8388
8384
8382
8381
8380
8379
8378
8377
8375
8371
8370
8366
8365
8364
8363
8360
8357
8356
8353
8351
8350
8348
8347
8345
8341
8339
8338
8337
8336
8333
8326
8325
8323
8320
8319
8318
8316
8315
8314
8312
8310
8309
8308
8307
8303
8302
8301
8295
8294
8290
8289
8286
8279
8277
8276
8274
8268
8265
8264
8262
8259
8256
8255
8254
8251
8248
8246
8243
8242
8241
8240
8238
8233
8232
8230
8227
8226
8225
8223
8219
8218
8217
8216
8213
8210
8209
8208
8203
8201
8200
8199
8198
8197
8196
8195
8192
8191
8190
8185
8183
8182
8180
8179
8178
8177
8176
8175
8173
8172
8171
8170
8169
8168
8167
8165
8164
8163
8159
8158
8154
8152
8151
8149
8148
8147
8146
8145
8143
8142
8140
8139
8138
8136
8135
8132
8131
8130
8128
8127
8125
8124
8123
8120
8118
8117
8116
8114
8112
8110
8109
8108
8106
8102
8099
8096
8091
8089
8087
8082
8081
8080
8078
8074
8069
8067
8065
8060
8057
8056
8054
8052
8050
8049
8048
8043
8040
8033
8029
8028
8026
8025
8023
8021
8020
8019
8018
8016
8012
8009
8007
8005
7999
7998
7997
7996
7991
7990
7989
7988
7987
7986
7985
7984
7978
7976
7972
7971
7970
7967
7966
7965
7962
7961
7960
7956
7955
7954
7952
7951
7950
7948
7947
7946
7945
7944
7943
7941
7936
7935
7934
7933
7931
7930
7928
7927
7926
7924
7923
7920
7919
7918
7915
7914
7911
7910
7909
7908
7903
7902
7901
7900
7899
7896
7894
7892
7891
7889
7888
7886
7883
7876
7874
7871
7868
7867
7866
7865
7864
7860
7858
7857
7856
7851
7850
7848
7847
7845
7842
7840
7839
7838
7835
7834
7829
7828
7827
7823
7820
7819
7818
7814
7813
7812
7811
7810
7807
7805
7804
7802
7799
7798
7796
7795
7793
7790
7787
7784
7783
7782
7781
7780
7779
7778
7776
7775
7771
7770
7769
7767
7766
7764
7762
7760
7758
7754
7753
7752
7751
7749
7748
7747
7746
7745
7743
7740
7737
7735
7734
7728
7726
7725
7724
7723
7722
7721
7720
7718
7716
7715
7711
7710
7706
7704
7703
7702
7700
7698
7697
7696
7691
7687
7680
7679
7678
7677
7676
7675
7674
7673
7671
7668
7667
7666
7665
7664
7663
7658
7655
7652
7651
7650
7649
7648
7647
7643
7641
7639
7638
7636
7635
7634
7633
7632
7630
7629
7628
7625
7623
7622
7621
7618
7617
7616
7614
7613
7609
7608
7606
7602
7598
7597
7596
7595
7594
7593
7589
7586
7585
7584
7579
7574
7573
7571
7566
7564
7563
7561
7558
7557
7556
7555
7554
7552
7551
7549
7546
7544
7541
7540
7539
7538
7536
7535
7531
7530
7528
7527
7526
7524
7523
7518
7508
7507
7506
7505
7504
7503
7500
7499
7498
7496
7491
7489
7487
7486
7485
7482
7480
7479
7475
7468
7466
7462
7461
7460
7459
7458
7457
7454
7453
7452
7451
7449
7448
7447
7445
7442
7440
7434
7432
7429
7428
7426
7424
7421
7420
7419
7417
7415
7414
7412
7411
7407
7406
7405
7404
7402
7400
7399
7398
7397
7396
7391
7390
7388
7387
7386
7385
7381
7380
7378
7377
7374
7373
7372
7371
7370
7369
7368
7366
7365
7364
7362
7360
7357
7350
7347
7345
7343
7341
7339
7337
7336
7335
7332
7331
7327
7325
7320
7318
7317
7315
7314
7311
7310
7308
7303
7302
7300
7298
7297
7296
7295
7293
7292
7286
7283
7282
7277
7276
7275
7273
7270
7267
7264
7263
7261
7257
7255
7252
7250
7249
7248
7246
7242
7241
7238
7235
7234
7233
7230
7227
7226
7223
7219
7217
7216
7215
7210
7208
7207
7206
7205
7202
7200
7199
7198
7197
7196
7195
7193
7192
7189
7187
7186
7182
7181
7180
7176
7175
7172
7169
7166
7164
7161
7156
7154
7152
7151
7150
7148
7147
7144
7139
7138
7136
7135
7131
7129
7128
7127
7123
7121
7117
7116
7115
7114
7111
7110
7104
7103
7102
7100
7098
7096
7094
7093
7090
7089
7088
7086
7084
7083
7078
7077
7076
7075
7073
7070
7069
7068
7066
7064
7062
7061
7057
7052
7051
7049
7047
7045
7044
7040
7038
7037
7036
7034
7033
7027
7025
7024
7018
7016
7014
7013
7012
7008
7004
7001
7000
6998
6997
6992
6991
6990
6987
6985
6984
6983
6982
6981
6978
6976
6975
6973
6971
6970
6967
6966
6961
6960
6959
6958
6957
6956
6954
6953
6952
6948
6946
6944
6942
6941
6940
6938
6937
6936
6933
6932
6928
6927
6926
6922
6920
6918
6916
6915
6913
6909
6908
6901
6900
6898
6897
6895
6894
6893
6890
6888
6886
6885
6882
6878
6877
6875
6874
6873
6870
6868
6863
6862
6861
6860
6859
6854
6850
6848
6847
6846
6842
6839
6838
6837
6836
6835
6834
6833
6831
6829
6825
6824
6822
6821
6819
6818
6816
6815
6811
6810
6809
6807
6805
6804
6803
6802
6801
6800
6799
6798
6796
6793
6792
6790
6787
6786
6782
6781
6771
6767
6765
6763
6762
6758
6757
6756
6755
6753
6752
6751
6749
6745
6744
6742
6740
6738
6735
6733
6732
6727
6724
6720
6716
6713
6711
6708
6705
6704
6702
6700
6695
6692
6684
6680
6678
6677
6676
6674
6669
6668
6664
6661
6660
6659
6658
6656
6654
6651
6650
6647
6643
6639
6638
6637
6636
6635
6633
6630
6627
6626
6625
6623
6622
6620
6618
6614
6610
6609
6607
6605
6602
6601
6599
6598
6597
6594
6593
6592
6591
6585
6583
6581
6580
6578
6575
6572
6571
6569
6568
6566
6557
6556
6555
6553
6551
6550
6549
6545
6544
6543
6542
6541
6540
6538
6537
6533
6532
6530
6529
6526
6524
6522
6521
6517
6516
6511
6508
6507
6506
6504
6503
6502
6501
6500
6497
6493
6492
6491
6490
6489
6488
6486
6485
6484
6479
6478
6475
6472
6471
6469
6466
6464
6462
6461
6458
6457
6456
6453
6451
6449
6446
6441
6438
6437
6435
6434
6432
6431
6430
6429
6427
6426
6425
6422
6420
6419
6416
6412
6411
6410
6409
6408
6407
6405
6404
6402
6401
6400
6397
6396
6395
6392
6391
6388
6387
6386
6383
6380
6379
6378
6377
6373
6371
6370
6367
6366
6362
6358
6356
6351
6349
6348
6347
6345
6344
6343
6342
6339
6337
6335
6334
6333
6331
6329
6327
6326
6325
6324
6320
6319
6312
6310
6309
6307
6304
6303
6302
6298
6297
6296
6295
6294
6293
6290
6289
6287
6285
6279
6275
6273
6271
6269
6261
6260
6259
6258
6257
6256
6255
6254
6252
6250
6248
6247
6246
6244
6241
6239
6238
6234
6231
6230
6228
6226
6222
6220
6217
6214
6213
6212
6211
6209
6208
6207
6206
6204
6203
6202
6201
6200
6199
6198
6197
6195
6193
6191
6189
6187
6186
6176
6174
6173
6172
6169
6167
6162
6161
6156
6153
6150
6146
6144
6143
6142
6138
6137
6135
6133
6132
6129
6125
6123
6122
6121
6119
6114
6110
6109
6107
6103
6101
6094
6093
6092
6089
6088
6085
6082
6081
6076
6073
6072
6071
6070
6067
6066
6059
6057
6056
6055
6054
6053
6052
6047
6046
6044
6043
6042
6038
6036
6033
6031
6029
6028
6027
6025
6024
6023
6022
6021
6019
6018
6015
6013
6011
6009
6008
6007
6006
6004
6001
5996
5994
5990
5988
5987
5985
5984
5979
5977
5974
5971
5969
5967
5966
5964
5963
5962
5958
5957
5956
5953
5952
5951
5950
5949
5947
5945
5941
5939
5937
5936
5935
5933
5930
5927
5925
5924
5922
5920
5919
5915
5914
5907
5903
5897
5896
5895
5893
5892
5891
5878
5876
5875
5873
5872
5871
5869
5868
5866
5859
5857
5856
5854
5852
5851
5850
5848
5847
5845
5842
5840
5838
5835
5834
5829
5828
5826
5825
5824
5821
5818
5817
5812
5809
5808
5806
5804
5803
5802
5801
5798
5797
5785
5783
5781
5779
5778
5775
5774
5767
5765
5764
5762
5759
5754
5753
5746
5745
5744
5740
5738
5736
5734
5731
5728
5727
5725
5722
5718
5717
5714
5710
5709
5707
5705
5702
5701
5699
5696
5695
5693
5692
5691
5689
5688
5687
5685
5684
5682
5681
5676
5674
5672
5667
5663
5662
5660
5659
5658
5656
5655
5654
5653
5651
5649
5648
5644
5643
5641
5638
5636
5635
5633
5632
5631
5630
5629
5625
5624
5620
5617
5616
5613
5611
5608
5607
5606
5605
5604
5601
5599
5598
5596
5595
5594
5593
5592
5591
5589
5587
5578
5576
5575
5574
5572
5567
5565
5561
5560
5559
5555
5553
5550
5549
5548
5546
5545
5541
5540
5535
5532
5526
5522
5521
5520
5519
5518
5517
5516
5515
5510
5504
5500
5499
5496
5494
5490
5488
5486
5485
5484
5483
5482
5481
5479
5477
5475
5473
5472
5470
5468
5467
5466
5465
5463
5462
5461
5459
5458
5457
5454
5453
5450
5449
5447
5442
5438
5436
5435
5433
5432
5431
5428
5426
5425
5421
5420
5417
5414
5413
5409
5408
5404
5402
5400
5397
5396
5395
5393
5392
5391
5390
5387
5386
5384
5381
5380
5379
5376
5367
5364
5362
5360
5359
5358
5357
5355
5354
5352
5347
5342
5338
5337
5332
5331
5328
5327
5323
5321
5320
5319
5318
5316
5315
5314
5313
5312
5311
5310
5309
5307
5304
5302
5299
5297
5296
5293
5291
5289
5288
5287
5283
5281
5280
5278
5277
5276
5275
5272
5271
5270
5268
5267
5266
5265
5264
5263
5262
5260
5258
5256
5255
5253
5252
5249
5246
5245
5244
5243
5240
5238
5237
5235
5233
5232
5231
5227
5226
5225
5223
5220
5218
5217
5216
5215
5214
5213
5211
5210
5206
5205
5203
5202
5201
5197
5193
5189
5188
5186
5185
5183
5182
5181
5180
5179
5178
5175
5174
5172
5169
5168
5165
5164
5163
5162
5161
5159
5157
5155
5154
5150
5149
5139
5138
5137
5136
5132
5131
5128
5124
5123
5122
5116
5112
5108
5107
5106
5105
5104
5103
5100
5099
5098
5095
5094
5093
5091
5086
5083
5081
5077
5076
5072
5071
5070
5067
5066
5065
5064
5063
5062
5054
5052
5051
5049
5048
5046
5043
5042
5038
5037
5031
5029
5028
5026
5025
5023
5019
5014
5011
5007
5006
5000
4999
4998
4997
4995
4994
4993
4988
4987
4986
4985
4984
4982
4980
4979
4977
4976
4974
4973
4972
4971
4969
4964
4962
4961
4960
4959
4958
4957
4956
4955
4952
4951
4950
4949
4948
4946
4945
4944
4943
4942
4938
4937
4934
4933
4930
4929
4928
4927
4926
4924
4921
4919
4918
4916
4905
4904
4900
4897
4894
4892
4889
4886
4884
4882
4877
4875
4874
4872
4870
4867
4866
4865
4864
4862
4861
4860
4858
4857
4851
4846
4845
4844
4842
4840
4838
4836
4835
4834
4832
4830
4828
4825
4823
4817
4813
4812
4811
4810
4809
4808
4807
4805
4803
4801
4795
4792
4791
4788
4785
4781
4772
4771
4769
4766
4762
4759
4758
4755
4754
4752
4750
4746
4745
4744
4741
4740
4738
4737
4736
4733
4732
4730
4728
4726
4723
4722
4717
4714
4712
4710
4709
4708
4704
4701
4699
4696
4694
4691
4685
4684
4682
4679
4675
4674
4673
4671
4668
4663
4654
4651
4645
4644
4643
4642
4641
4637
4635
4634
4633
4632
4628
4626
4625
4624
4623
4622
4620
4619
4616
4612
4610
4608
4605
4604
4603
4602
4601
4600
4598
4597
4596
4593
4592
4591
4588
4586
4584
4583
4582
4581
4578
4577
4575
4574
4571
4567
4565
4564
4563
4562
4560
4559
4557
4555
4554
4552
4551
4550
4548
4546
4543
4542
4540
4539
4537
4536
4535
4532
4526
4524
4521
4520
4519
4514
4513
4509
4508
4507
4506
4505
4504
4502
4501
4500
4493
4489
4488
4486
4477
4476
4475
4473
4472
4470
4465
4464
4459
4458
4457
4456
4455
4451
4448
4447
4445
4443
4442
4441
4440
4439
4438
4437
4436
4434
4433
4431
4430
4428
4424
4422
4420
4416
4415
4414
4413
4410
4408
4407
4405
4403
4401
4400
4399
4396
4394
4393
4392
4389
4388
4386
4381
4379
4378
4375
4374
4372
4371
4366
4365
4364
4356
4352
4350
4345
4344
4343
4342
4341
4336
4335
4332
4331
4330
4329
4327
4325
4324
4320
4319
4318
4315
4313
4307
4306
4304
4301
4300
4295
4292
4291
4290
4289
4286
4285
4278
4275
4271
4270
4269
4267
4265
4264
4263
4259
4257
4256
4255
4253
4250
4247
4245
4243
4239
4235
4232
4229
4225
4222
4219
4218
4215
4210
4209
4207
4204
4203
4201
4199
4198
4195
4194
4193
4191
4190
4188
4187
4181
4177
4175
4173
4172
4171
4170
4168
4167
4165
4163
4161
4160
4156
4152
4150
4147
4146
4144
4139
4136
4132
4131
4128
4124
4123
4114
4111
4110
4104
4103
4102
4096
4094
4092
4091
4085
4084
4083
4082
4077
4076
4073
4070
4069
4066
4064
4061
4058
4056
4054
4053
4052
4050
4049
4048
4047
4045
4043
4042
4039
4034
4033
4031
4030
4029
4028
4027
4022
4021
4020
4019
4018
4016
4014
4011
4010
4009
3999
3997
3996
3995
3994
3992
3990
3988
3987
3985
3984
3983
3979
3978
3976
3971
3969
3967
3966
3965
3963
3962
3961
3955
3952
3951
3949
3944
3943
3936
3935
3934
3931
3930
3926
3925
3920
3919
3918
3916
3915
3914
3912
3905
3903
3902
3899
3898
3895
3893
3892
3889
3888
3887
3884
3881
3880
3877
3876
3875
3872
3871
3870
3869
3861
3859
3857
3856
3855
3852
3851
3849
3848
3845
3840
3839
3837
3836
3834
3833
3832
3831
3829
3828
3824
3818
3816
3814
3812
3811
3810
3809
3808
3807
3802
3800
3799
3798
3797
3794
3790
3785
3784
3783
3780
3775
3774
3773
3771
3769
3766
3764
3761
3759
3757
3753
3751
3750
3748
3747
3744
3742
3741
3739
3737
3733
3731
3728
3725
3722
3719
3716
3714
3713
3708
3706
3705
3704
3701
3700
3699
3695
3690
3687
3683
3680
3678
3677
3675
3673
3671
3670
3669
3667
3665
3664
3663
3661
3658
3656
3651
3650
3649
3648
3647
3646
3645
3644
3643
3642
3641
3639
3638
3634
3633
3632
3629
3628
3627
3626
3625
3622
3620
3619
3616
3609
3602
3600
3599
3597
3593
3592
3584
3583
3582
3581
3579
3578
3577
3576
3575
3574
3571
3570
3564
3563
3559
3556
3554
3550
3547
3545
3541
3539
3538
3537
3536
3535
3534
3533
3532
3529
3528
3525
3524
3520
3519
3518
3512
3508
3507
3499
3498
3495
3493
3491
3488
3482
3480
3475
3471
3469
3468
3467
3465
3464
3460
3458
3456
3455
3454
3452
3451
3445
3444
3441
3438
3437
3432
3431
3429
3428
3426
3422
3421
3420
3418
3417
3416
3413
3412
3410
3408
3405
3403
3402
3401
3400
3399
3398
3397
3396
3395
3394
3393
3392
3391
3390
3389
3386
3382
3381
3378
3371
3370
3369
3368
3365
3364
3363
3357
3353
3352
3351
3347
3346
3340
3335
3331
3329
3328
3326
3324
3322
3318
3312
3310
3304
3302
3301
3300
3298
3292
3290
3288
3286
3282
3280
3279
3276
3274
3273
3272
3271
3270
3269
3265
3263
3261
3260
3259
3255
3250
3247
3246
3245
3242
3241
3240
3239
3238
3235
3234
3228
3223
3221
3220
3218
3217
3216
3214
3210
3208
3207
3204
3202
3200
3199
3198
3197
3191
3190
3189
3188
3187
3185
3184
3182
3181
3179
3178
3177
3176
3175
3173
3171
3169
3161
3155
3153
3144
3143
3140
3139
3138
3137
3136
3134
3129
3128
3125
3124
3123
3120
3114
3112
3110
3107
3106
3105
3104
3102
3101
3100
3099
3097
3094
3092
3089
3087
3085
3077
3076
3069
3068
3067
3063
3062
3061
3058
3057
3055
3052
3051
3049
3047
3045
3044
3042
3039
3038
3032
3031
3030
3028
3025
3022
3021
3020
3017
3010
3009
3000
2999
2998
2997
2994
2991
2990
2989
2988
2987
2986
2984
2983
2982
2981
2979
2978
2976
2975
2974
2968
2964
2961
2958
2957
2955
2953
2951
2949
2946
2945
2942
2940
2939
2938
2935
2930
2925
2922
2918
2917
2911
2907
2904
2902
2900
2896
2889
2888
2887
2886
2885
2884
2883
2882
2881
2880
2876
2875
2873
2868
2865
2861
2860
2859
2853
2851
2850
2849
2846
2844
2843
2837
2836
2831
2830
2829
2825
2824
2823
2822
2820
2818
2812
2808
2807
2805
2803
2801
2797
2796
2795
2794
2791
2789
2788
2784
2782
2781
2780
2773
2770
2769
2767
2766
2763
2762
2758
2756
2753
2751
2746
2743
2734
2733
2731
2730
2728
2727
2726
2722
2720
2719
2717
2716
2712
2710
2709
2705
2700
2696
2695
2694
2693
2692
2691
2687
2686
2685
2682
2679
2676
2674
2672
2670
2669
2665
2663
2661
2658
2657
2653
2645
2642
2641
2638
2637
2634
2632
2630
2629
2626
2625
2624
2623
2622
2621
2619
2618
2617
2615
2614
2612
2610
2609
2608
2607
2605
2604
2603
2602
2601
2599
2597
2595
2593
2592
2586
2585
2579
2578
2576
2574
2572
2568
2565
2563
2560
2558
2557
2555
2553
2549
2548
2546
2543
2542
2539
2538
2534
2533
2527
2525
2524
2523
2522
2521
2519
2518
2516
2515
2514
2511
2507
2506
2500
2499
2497
2495
2494
2491
2490
2489
2487
2485
2482
2481
2480
2479
2476
2473
2470
2469
2466
2464
2463
2459
2457
2450
2448
2445
2444
2443
2442
2441
2439
2436
2434
2431
2428
2427
2425
2423
2422
2421
2420
2418
2417
2413
2412
2410
2408
2407
2404
2403
2401
2400
2397
2394
2392
2391
2390
2389
2386
2385
2384
2383
2381
2380
2376
2372
2370
2368
2365
2364
2363
2361
2360
2354
2353
2351
2347
2346
2344
2343
2342
2339
2338
2335
2334
2329
2318
2316
2315
2314
2313
2312
2310
2305
2303
2297
2296
2294
2289
2288
2287
2286
2284
2282
2281
2280
2279
2274
2273
2269
2267
2266
2265
2262
2261
2259
2255
2253
2250
2249
2247
2246
2242
2241
2240
2237
2234
2233
2232
2230
2229
2228
2226
2221
2219
2217
2216
2215
2212
2211
2210
2205
2201
2199
2196
2191
2188
2186
2185
2183
2180
2179
2176
2174
2170
2169
2168
2166
2165
2162
2161
2157
2154
2153
2152
2151
2149
2147
2144
2143
2142
2134
2133
2132
2131
2126
2122
2121
2117
2115
2114
2113
2111
2108
2105
2082
2081
2078
2072
2068
2065
2061
2059
2055
2053
2052
2048
2044
2042
2041
2036
2035
2034
2033
2032
2031
2030
2029
2028
2026
2021
2020
2019
2018
2016
2015
2012
2009
2008
2007
2006
2005
2004
2003
2002
2001
2000
1998
1997
1994
1990
1989
1988
1985
1981
1977
1975
1974
1973
1970
1968
1966
1964
1963
1962
1961
1960
1957
1956
1955
1953
1952
1951
1948
1946
1941
1940
1934
1932
1926
1923
1917
1916
1914
1911
1910
1905
1903
1899
1895
1894
1882
1881
1880
1879
1878
1876
1873
1868
1865
1864
1863
1862
1860
1859
1855
1854
1852
1845
1839
1838
1834
1832
1828
1825
1822
1821
1820
1815
1813
1812
1811
1809
1807
1804
1803
1801
1800
1799
1798
1797
1796
1795
1794
1793
1791
1789
1784
1783
1782
1781
1777
1767
1766
1765
1763
1762
1759
1758
1757
1756
1755
1752
1751
1749
1746
1745
1744
1742
1740
1739
1735
1734
1731
1730
1729
1727
1726
1724
1719
1718
1717
1707
1706
1704
1703
1693
1691
1689
1687
1682
1681
1679
1675
1673
1672
1671
1668
1667
1665
1664
1660
1659
1658
1656
1650
1648
1647
1646
1645
1644
1643
1638
1637
1635
1633
1631
1630
1626
1625
1622
1621
1619
1617
1615
1614
1613
1612
1611
1609
1608
1607
1600
1598
1597
1595
1594
1592
1590
1588
1587
1585
1584
1583
1579
1577
1575
1574
1573
1571
1567
1562
1561
1557
1556
1554
1551
1549
1547
1545
1544
1543
1541
1539
1538
1534
1532
1529
1524
1520
1514
1513
1511
1509
1507
1506
1504
1503
1500
1499
1497
1496
1491
1490
1488
1485
1484
1481
1479
1478
1476
1475
1472
1471
1470
1469
1468
1465
1464
1463
1462
1457
1455
1454
1452
1451
1449
1443
1442
1437
1436
1434
1433
1432
1429
1428
1427
1425
1424
1423
1422
1420
1416
1415
1414
1410
1405
1404
1400
1398
1396
1395
1394
1393
1392
1391
1386
1384
1379
1376
1372
1371
1369
1368
1364
1362
1360
1359
1358
1356
1355
1351
1349
1347
1345
1344
1340
1337
1334
1332
1331
1329
1328
1327
1326
1325
1321
1319
1318
1316
1312
1311
1310
1308
1305
1304
1303
1302
1301
1300
1297
1294
1290
1288
1287
1286
1281
1279
1278
1276
1275
1274
1270
1268
1267
1263
1259
1256
1255
1253
1252
1250
1247
1245
1240
1238
1237
1235
1234
1232
1231
1228
1227
1226
1225
1223
1219
1218
1216
1210
1206
1204
1201
1199
1196
1193
1191
1186
1183
1181
1178
1177
1175
1168
1167
1166
1161
1160
1158
1156
1154
1151
1149
1148
1146
1142
1141
1139
1137
1133
1132
1131
1128
1127
1125
1122
1121
1119
1117
1116
1114
1113
1112
1108
1106
1102
1101
1099
1098
1096
1095
1093
1092
1091
1090
1089
1087
1086
1085
1084
1082
1080
1079
1077
1075
1071
1069
1068
1066
1063
1062
1057
1056
1055
1050
1049
1048
1047
1045
1044
1042
1041
1040
1039
1038
1036
1033
1029
1028
1026
1022
1018
1016
1015
1012
1011
1009
1008
1007
1002
1001
1000
999
992
990
989
988
983
982
979
978
977
975
974
970
969
968
966
965
963
957
955
952
949
944
943
942
941
940
933
932
930
929
928
927
922
921
918
916
915
913
911
909
906
905
902
898
897
895
893
891
889
888
886
882
880
878
876
874
873
872
869
868
866
865
863
862
860
859
858
856
855
854
851
850
848
847
844
843
839
838
834
830
828
823
822
821
820
819
814
813
811
809
808
807
806
805
801
799
798
794
792
791
790
789
784
782
780
779
778
775
773
770
769
768
767
765
763
762
760
757
756
755
754
753
751
750
748
743
742
741
740
733
732
731
729
727
726
724
722
721
720
718
717
713
705
704
699
697
695
693
692
691
690
688
685
684
683
682
679
670
669
668
666
658
657
656
654
653
652
647
646
645
643
641
637
635
632
631
628
626
625
618
616
614
611
610
605
604
603
597
596
595
593
591
590
587
586
584
581
579
578
577
576
575
574
573
571
569
567
565
563
559
554
553
552
550
548
546
545
542
538
537
532
531
529
527
526
524
522
521
520
518
517
516
514
511
507
504
501
498
495
494
490
489
486
485
484
483
482
479
477
475
473
472
466
464
459
457
456
455
454
452
451
450
449
448
447
446
444
442
441
439
434
433
432
427
425
424
422
420
416
415
414
413
411
409
408
406
405
404
403
400
398
395
392
388
386
385
384
383
378
374
373
372
369
368
367
365
364
361
360
359
357
356
354
353
352
351
350
348
345
344
343
341
339
336
334
333
332
331
329
326
323
322
321
319
316
315
312
305
304
302
298
292
289
288
286
285
284
281
280
279
277
275
272
268
267
266
265
264
263
260
258
257
253
251
248
245
241
238
236
234
233
229
228
224
223
221
219
218
212
211
206
205
203
201
200
199
197
196
192
190
189
187
186
185
184
183
182
181
179
178
173
171
170
168
166
165
164
163
160
159
157
146
145
144
141
138
137
133
131
130
126
125
124
123
121
120
118
117
114
112
110
107
104
103
101
100
98
94
90
89
86
85
82
81
80
79
78
77
75
73
72
71
68
67
66
63
62
61
60
55
54
53
52
50
49
48
44
41
39
38
37
35
34
33
29
28
27
25
21
17
14
13
12
9
8
7
6
