8305
8304
8303
8302
8301
8299
8298
8297
8296
8295
8294
8292
8290
8287
8286
8285
8284
8282
8281
8280
8279
8278
8277
8275
8274
8271
8270
8269
8268
8266
8265
8262
8261
8260
8259
8255
8252
8251
8250
8249
8248
8245
8243
8241
8240
8237
8236
8235
8232
8231
8230
8228
8227
8226
8225
8222
8220
8217
8216
8213
8210
8207
8206
8205
8204
8203
8202
8201
8198
8196
8195
8193
8191
8190
8188
8187
8183
8182
8180
8179
8178
8175
8174
8172
8171
8170
8169
8168
8167
8164
8163
8157
8156
8155
8153
8148
8145
8144
8143
8142
8139
8138
8137
8136
8134
8133
8129
8126
8124
8123
8121
8120
8119
8117
8116
8114
8113
8112
8111
8110
8109
8105
8100
8097
8096
8095
8093
8092
8091
8090
8089
8088
8087
8086
8083
8082
8077
8076
8075
8074
8072
8071
8070
8067
8065
8064
8062
8059
8057
8056
8055
8054
8053
8051
8048
8047
8046
8045
8044
8042
8041
8039
8037
8036
8034
8032
8030
8029
8027
8022
8020
8019
8018
8017
8016
8015
8014
8012
8011
8010
8009
8008
8007
8006
8005
8001
7999
7997
7995
7994
7993
7992
7987
7986
7984
7983
7982
7980
7978
7977
7976
7975
7974
7972
7971
7968
7967
7966
7961
7960
7957
7956
7954
7952
7950
7947
7946
7945
7943
7942
7941
7940
7939
7938
7935
7934
7933
7932
7931
7930
7929
7928
7922
7920
7918
7915
7914
7913
7912
7911
7910
7909
7908
7907
7906
7902
7900
7898
7897
7896
7895
7894
7893
7892
7891
7890
7889
7888
7887
7885
7884
7880
7879
7877
7876
7875
7874
7872
7870
7869
7868
7866
7865
7863
7862
7860
7859
7857
7856
7855
7851
7847
7846
7844
7843
7842
7838
7835
7834
7833
7828
7823
7822
7820
7817
7815
7813
7812
7811
7809
7804
7802
7801
7800
7798
7797
7794
7793
7792
7791
7790
7787
7786
7784
7783
7780
7778
7777
7775
7774
7772
7769
7768
7766
7765
7764
7761
7760
7759
7754
7752
7748
7747
7745
7740
7739
7738
7737
7736
7735
7734
7733
7732
7731
7730
7728
7725
7724
7722
7720
7719
7718
7717
7715
7712
7710
7708
7706
7705
7704
7703
7702
7701
7700
7696
7693
7692
7691
7690
7688
7686
7683
7682
7677
7676
7674
7672
7670
7669
7668
7665
7663
7662
7660
7659
7658
7657
7656
7652
7651
7650
7648
7647
7646
7645
7644
7643
7642
7637
7635
7629
7626
7624
7623
7622
7620
7619
7618
7616
7612
7611
7610
7607
7606
7603
7602
7601
7600
7597
7596
7595
7594
7592
7586
7582
7578
7577
7576
7575
7574
7573
7572
7569
7568
7566
7565
7564
7562
7561
7559
7558
7557
7556
7554
7553
7552
7550
7545
7544
7539
7538
7537
7536
7534
7533
7531
7529
7527
7525
7524
7523
7521
7519
7515
7513
7512
7511
7508
7506
7505
7503
7502
7500
7498
7497
7496
7495
7490
7489
7487
7486
7484
7483
7482
7481
7479
7474
7473
7472
7469
7468
7465
7464
7462
7459
7457
7456
7452
7450
7445
7443
7441
7437
7434
7433
7432
7429
7425
7424
7421
7418
7415
7410
7409
7406
7405
7403
7399
7398
7397
7395
7393
7392
7386
7384
7383
7382
7381
7378
7376
7375
7374
7373
7372
7371
7370
7368
7367
7364
7363
7361
7360
7357
7356
7355
7351
7350
7347
7344
7343
7342
7341
7339
7338
7336
7331
7329
7327
7326
7325
7323
7322
7319
7314
7313
7312
7311
7310
7308
7306
7304
7303
7299
7298
7290
7289
7288
7287
7284
7283
7277
7276
7275
7273
7271
7269
7267
7266
7263
7262
7261
7259
7258
7257
7256
7251
7250
7249
7248
7246
7245
7243
7242
7241
7239
7237
7236
7235
7234
7233
7231
7230
7225
7224
7222
7220
7217
7216
7212
7209
7208
7207
7205
7204
7202
7199
7197
7195
7194
7193
7189
7187
7184
7183
7181
7179
7177
7176
7174
7172
7165
7164
7163
7161
7160
7154
7152
7151
7150
7149
7147
7146
7144
7143
7142
7141
7140
7139
7137
7136
7135
7134
7132
7130
7128
7127
7124
7123
7120
7118
7117
7116
7115
7114
7113
7112
7111
7110
7109
7107
7106
7105
7102
7100
7098
7097
7096
7094
7093
7092
7089
7088
7084
7083
7082
7081
7078
7076
7074
7071
7070
7069
7065
7064
7061
7057
7056
7054
7053
7051
7050
7049
7046
7044
7043
7042
7041
7038
7035
7034
7033
7031
7030
7029
7024
7019
7018
7017
7016
7015
7009
7005
7003
7002
7001
7000
6999
6997
6996
6994
6993
6992
6991
6990
6989
6988
6987
6986
6984
6980
6979
6977
6976
6974
6973
6972
6970
6969
6966
6965
6964
6963
6959
6958
6957
6956
6955
6954
6953
6952
6950
6947
6946
6944
6941
6940
6937
6936
6935
6934
6931
6930
6925
6921
6920
6919
6917
6916
6912
6911
6910
6909
6907
6906
6905
6903
6901
6899
6898
6896
6894
6892
6889
6887
6886
6885
6881
6878
6874
6873
6870
6867
6865
6862
6859
6858
6857
6856
6855
6853
6848
6845
6842
6839
6837
6833
6831
6830
6829
6827
6822
6821
6820
6817
6813
6812
6811
6810
6809
6807
6804
6803
6800
6796
6795
6793
6791
6790
6789
6788
6787
6786
6785
6782
6779
6778
6777
6775
6774
6772
6770
6767
6766
6762
6761
6759
6757
6756
6753
6752
6751
6750
6749
6748
6744
6743
6742
6741
6735
6733
6731
6730
6729
6728
6727
6722
6721
6719
6718
6717
6716
6714
6707
6706
6705
6703
6700
6699
6695
6694
6693
6692
6691
6690
6687
6686
6684
6682
6681
6679
6678
6677
6675
6673
6671
6670
6666
6665
6664
6663
6660
6659
6657
6656
6655
6653
6652
6650
6649
6646
6641
6640
6639
6638
6637
6636
6634
6633
6632
6629
6627
6626
6623
6620
6617
6614
6612
6610
6609
6606
6605
6604
6601
6599
6597
6596
6595
6594
6593
6591
6589
6586
6585
6583
6582
6581
6580
6579
6578
6577
6576
6574
6573
6572
6571
6569
6564
6563
6562
6561
6559
6558
6557
6556
6555
6554
6552
6549
6548
6545
6544
6543
6542
6538
6537
6536
6534
6533
6532
6529
6526
6525
6524
6523
6522
6521
6519
6518
6514
6512
6511
6509
6508
6507
6506
6503
6499
6497
6495
6493
6492
6490
6489
6488
6486
6485
6484
6483
6480
6476
6475
6474
6473
6472
6471
6469
6467
6466
6465
6464
6460
6459
6457
6452
6450
6449
6447
6444
6443
6442
6438
6437
6436
6435
6434
6431
6429
6427
6426
6424
6422
6416
6414
6413
6410
6408
6406
6399
6398
6397
6396
6395
6394
6393
6392
6391
6389
6387
6385
6384
6381
6380
6378
6376
6375
6373
6370
6368
6367
6365
6363
6359
6358
6357
6355
6354
6351
6350
6349
6348
6346
6345
6344
6343
6341
6340
6339
6338
6336
6335
6332
6330
6328
6326
6324
6323
6316
6313
6311
6310
6309
6307
6306
6304
6303
6299
6298
6295
6293
6292
6290
6287
6283
6281
6280
6275
6274
6273
6272
6270
6269
6266
6262
6260
6259
6258
6256
6254
6251
6249
6248
6247
6246
6243
6242
6240
6239
6237
6229
6227
6224
6223
6222
6220
6217
6216
6211
6208
6207
6206
6205
6203
6202
6201
6194
6193
6192
6191
6189
6188
6187
6186
6181
6180
6178
6177
6176
6172
6170
6168
6167
6165
6163
6162
6161
6159
6158
6157
6156
6155
6153
6149
6147
6145
6142
6141
6140
6138
6136
6135
6131
6130
6128
6124
6122
6121
6120
6119
6118
6117
6112
6110
6107
6105
6104
6102
6100
6099
6097
6096
6095
6091
6090
6089
6086
6085
6084
6083
6082
6080
6078
6074
6072
6070
6069
6068
6066
6064
6063
6060
6058
6057
6055
6053
6052
6046
6045
6041
6038
6037
6034
6033
6031
6029
6027
6026
6024
6023
6022
6009
6007
6006
6004
6003
6002
6000
5999
5997
5996
5992
5990
5988
5987
5985
5984
5983
5982
5981
5979
5978
5972
5968
5965
5964
5959
5957
5955
5954
5952
5951
5948
5947
5943
5940
5937
5935
5934
5933
5932
5931
5928
5926
5924
5919
5915
5913
5911
5910
5909
5908
5907
5905
5904
5892
5889
5888
5886
5885
5882
5881
5878
5872
5871
5869
5866
5865
5861
5860
5853
5852
5851
5848
5847
5845
5843
5841
5838
5835
5834
5832
5829
5824
5823
5820
5817
5816
5815
5813
5811
5808
5807
5805
5802
5801
5799
5798
5797
5795
5794
5793
5791
5790
5788
5787
5782
5780
5778
5777
5776
5771
5767
5766
5765
5764
5762
5760
5759
5758
5757
5756
5755
5754
5753
5752
5748
5747
5743
5742
5741
5739
5737
5736
5735
5734
5733
5728
5726
5724
5721
5720
5717
5715
5713
5712
5711
5709
5708
5705
5703
5702
5700
5699
5698
5696
5695
5694
5693
5691
5689
5687
5686
5680
5678
5677
5676
5674
5671
5669
5667
5666
5663
5662
5661
5658
5657
5655
5652
5651
5650
5649
5648
5647
5643
5642
5639
5637
5628
5627
5624
5623
5622
5621
5620
5619
5618
5617
5616
5614
5612
5610
5608
5600
5596
5595
5592
5591
5589
5586
5585
5584
5583
5582
5581
5580
5579
5578
5577
5576
5574
5572
5571
5570
5568
5567
5565
5563
5562
5561
5560
5559
5558
5557
5556
5554
5552
5549
5548
5545
5542
5538
5537
5533
5532
5531
5530
5528
5527
5526
5524
5523
5521
5520
5517
5516
5515
5513
5512
5511
5509
5508
5504
5503
5499
5497
5495
5494
5492
5491
5489
5488
5487
5486
5485
5482
5481
5479
5476
5475
5471
5465
5464
5462
5460
5459
5457
5455
5454
5453
5452
5450
5449
5447
5446
5442
5437
5433
5432
5430
5426
5423
5422
5421
5418
5416
5415
5414
5413
5411
5410
5409
5407
5406
5405
5404
5402
5399
5397
5395
5394
5392
5391
5388
5387
5386
5383
5382
5378
5376
5375
5374
5373
5372
5371
5370
5367
5366
5365
5363
5362
5361
5360
5359
5358
5357
5353
5350
5349
5348
5344
5342
5341
5339
5338
5335
5334
5331
5330
5328
5326
5325
5324
5323
5320
5319
5318
5316
5313
5312
5311
5310
5309
5308
5307
5306
5304
5303
5299
5298
5296
5295
5294
5291
5290
5287
5286
5282
5281
5280
5279
5278
5276
5275
5274
5273
5272
5271
5268
5267
5262
5261
5258
5257
5256
5255
5254
5252
5250
5249
5248
5247
5246
5243
5242
5233
5232
5230
5229
5227
5226
5225
5224
5221
5219
5217
5216
5215
5209
5205
5201
5200
5199
5198
5197
5196
5194
5193
5192
5191
5190
5188
5186
5184
5181
5179
5178
5176
5174
5171
5170
5169
5166
5165
5163
5160
5159
5158
5157
5156
5155
5151
5148
5147
5145
5144
5142
5141
5140
5139
5136
5135
5131
5130
5126
5124
5122
5119
5118
5116
5112
5110
5108
5107
5105
5104
5103
5100
5099
5098
5093
5092
5091
5090
5088
5087
5086
5081
5080
5079
5078
5077
5075
5073
5072
5070
5069
5067
5066
5065
5064
5062
5058
5057
5055
5054
5052
5051
5050
5049
5048
5045
5044
5043
5042
5041
5040
5039
5038
5037
5036
5035
5031
5030
5028
5027
5025
5021
5020
5019
5018
5016
5013
5012
5011
5010
5008
5005
5000
4997
4996
4994
4992
4989
4987
4986
4984
4981
4978
4976
4974
4971
4969
4968
4967
4966
4964
4962
4959
4958
4957
4956
4954
4953
4952
4951
4950
4949
4943
4938
4937
4936
4934
4932
4930
4927
4926
4924
4922
4920
4918
4917
4915
4914
4912
4909
4905
4904
4903
4902
4901
4900
4899
4898
4897
4896
4895
4893
4888
4887
4884
4883
4880
4877
4876
4873
4864
4863
4861
4858
4854
4851
4850
4847
4846
4844
4842
4838
4837
4836
4835
4833
4832
4830
4829
4828
4825
4824
4822
4820
4818
4817
4816
4815
4814
4812
4809
4804
4801
4800
4796
4794
4793
4791
4788
4786
4783
4777
4776
4774
4771
4767
4766
4765
4763
4760
4757
4755
4753
4746
4743
4737
4736
4735
4734
4733
4732
4730
4729
4727
4726
4725
4724
4721
4720
4718
4717
4716
4715
4714
4712
4711
4710
4708
4704
4702
4700
4698
4697
4696
4695
4694
4693
4692
4690
4689
4688
4685
4684
4683
4680
4678
4676
4675
4674
4673
4670
4669
4667
4666
4664
4663
4662
4661
4659
4657
4656
4655
4654
4651
4650
4649
4647
4646
4644
4643
4640
4638
4635
4634
4632
4631
4628
4627
4625
4624
4618
4616
4613
4612
4611
4610
4609
4607
4606
4605
4601
4600
4599
4598
4597
4594
4593
4592
4585
4581
4580
4579
4578
4569
4568
4567
4565
4564
4563
4561
4559
4556
4555
4551
4550
4549
4548
4547
4546
4544
4542
4540
4539
4538
4536
4534
4533
4531
4530
4529
4528
4526
4525
4524
4522
4521
4519
4518
4516
4512
4510
4506
4503
4502
4501
4500
4497
4495
4494
4492
4490
4488
4487
4486
4483
4482
4481
4480
4479
4476
4475
4473
4471
4470
4468
4466
4465
4462
4461
4459
4458
4457
4453
4452
4451
4450
4449
4447
4443
4437
4436
4434
4432
4429
4428
4427
4426
4425
4420
4419
4416
4415
4414
4411
4410
4408
4407
4403
4402
4401
4398
4396
4390
4389
4387
4385
4384
4383
4378
4377
4375
4374
4373
4372
4369
4368
4365
4363
4361
4358
4357
4354
4353
4351
4350
4348
4347
4346
4344
4342
4340
4339
4338
4336
4333
4332
4330
4328
4326
4323
4322
4318
4316
4315
4308
4305
4302
4301
4299
4298
4293
4292
4291
4290
4287
4286
4284
4283
4281
4280
4277
4276
4275
4274
4273
4272
4270
4269
4263
4262
4259
4257
4255
4254
4253
4252
4250
4249
4247
4245
4243
4242
4241
4240
4237
4234
4233
4231
4228
4227
4225
4220
4217
4213
4212
4211
4209
4204
4203
4200
4197
4194
4191
4190
4188
4184
4182
4178
4176
4175
4174
4172
4171
4167
4165
4164
4163
4159
4158
4157
4153
4152
4151
4149
4148
4145
4143
4142
4140
4137
4135
4134
4133
4132
4131
4129
4128
4127
4126
4124
4123
4122
4121
4118
4117
4115
4113
4112
4111
4110
4109
4108
4107
4106
4101
4100
4099
4098
4097
4095
4093
4090
4089
4088
4086
4081
4080
4079
4078
4077
4076
4075
4074
4073
4071
4070
4069
4067
4066
4064
4063
4062
4058
4057
4055
4050
4048
4046
4045
4044
4042
4041
4040
4037
4034
4031
4030
4026
4025
4023
4018
4017
4015
4014
4013
4005
4004
4002
3999
3998
3997
3996
3995
3994
3993
3991
3984
3982
3981
3978
3977
3974
3972
3971
3968
3967
3966
3963
3960
3959
3956
3955
3954
3953
3952
3951
3950
3949
3948
3943
3941
3940
3939
3938
3937
3936
3935
3933
3931
3930
3928
3927
3924
3923
3919
3918
3916
3915
3913
3912
3911
3910
3908
3907
3903
3899
3897
3895
3893
3891
3890
3889
3888
3887
3886
3880
3879
3877
3876
3875
3874
3870
3866
3864
3863
3860
3858
3857
3856
3853
3848
3847
3846
3844
3842
3839
3837
3834
3833
3832
3830
3828
3826
3824
3823
3821
3820
3817
3816
3815
3810
3808
3807
3806
3805
3803
3801
3797
3795
3792
3789
3786
3783
3781
3780
3778
3777
3772
3770
3769
3768
3767
3765
3764
3763
3759
3757
3754
3753
3751
3747
3744
3742
3741
3740
3739
3737
3735
3734
3733
3731
3729
3728
3727
3725
3722
3720
3719
3715
3714
3713
3712
3711
3710
3709
3708
3706
3705
3703
3702
3696
3693
3692
3691
3690
3689
3688
3686
3684
3683
3682
3680
3673
3670
3667
3663
3661
3657
3656
3653
3649
3648
3647
3646
3645
3642
3639
3638
3636
3635
3634
3633
3628
3627
3623
3620
3618
3614
3612
3611
3609
3608
3605
3603
3602
3601
3600
3599
3598
3596
3593
3592
3589
3588
3584
3583
3582
3580
3578
3577
3576
3572
3571
3565
3563
3562
3559
3558
3557
3555
3554
3552
3551
3550
3549
3546
3545
3544
3541
3539
3537
3535
3534
3533
3532
3531
3529
3528
3524
3522
3520
3519
3518
3517
3516
3515
3512
3511
3509
3508
3505
3502
3501
3496
3495
3493
3492
3490
3486
3485
3484
3482
3481
3480
3477
3476
3474
3472
3470
3467
3466
3465
3464
3463
3462
3461
3460
3459
3458
3457
3456
3455
3454
3453
3450
3446
3445
3443
3442
3435
3434
3433
3432
3429
3428
3427
3425
3421
3417
3416
3415
3411
3410
3404
3402
3401
3399
3396
3395
3393
3392
3390
3388
3386
3382
3379
3377
3376
3374
3373
3371
3368
3367
3366
3365
3362
3361
3360
3358
3357
3356
3354
3352
3350
3346
3344
3343
3340
3338
3337
3336
3335
3334
3333
3332
3329
3327
3326
3325
3324
3323
3322
3320
3319
3316
3314
3311
3310
3309
3306
3305
3304
3303
3302
3299
3298
3292
3289
3287
3284
3282
3281
3280
3274
3272
3271
3266
3264
3263
3262
3261
3255
3254
3253
3252
3249
3247
3246
3244
3243
3241
3240
3239
3238
3237
3236
3235
3233
3231
3223
3222
3217
3214
3213
3206
3205
3203
3202
3201
3200
3199
3198
3197
3196
3192
3191
3190
3187
3186
3185
3183
3182
3176
3175
3174
3172
3169
3168
3167
3166
3164
3163
3162
3161
3157
3156
3154
3152
3151
3149
3148
3147
3146
3139
3136
3133
3131
3128
3127
3122
3119
3118
3117
3115
3113
3111
3109
3108
3107
3105
3102
3101
3099
3098
3097
3095
3094
3092
3089
3088
3085
3082
3081
3080
3078
3077
3075
3072
3071
3070
3069
3068
3065
3062
3060
3058
3057
3053
3049
3048
3047
3046
3045
3042
3040
3039
3038
3037
3036
3035
3034
3031
3030
3029
3027
3026
3024
3023
3022
3016
3008
3005
3004
3000
2998
2996
2993
2992
2989
2988
2987
2986
2985
2982
2978
2977
2975
2972
2969
2965
2964
2954
2951
2949
2948
2947
2943
2938
2936
2935
2934
2933
2932
2931
2930
2929
2928
2927
2923
2922
2920
2915
2912
2908
2907
2906
2901
2898
2896
2893
2891
2890
2889
2884
2883
2882
2880
2877
2876
2875
2874
2871
2869
2868
2867
2866
2864
2862
2856
2852
2851
2849
2847
2845
2841
2840
2839
2838
2835
2834
2833
2832
2831
2828
2826
2825
2824
2817
2814
2810
2807
2806
2802
2800
2797
2795
2790
2788
2787
2782
2778
2777
2775
2774
2772
2771
2770
2768
2764
2763
2760
2756
2754
2753
2749
2746
2744
2740
2739
2738
2737
2736
2735
2731
2730
2729
2726
2723
2722
2721
2720
2718
2716
2714
2713
2709
2708
2707
2705
2702
2701
2699
2697
2692
2689
2687
2686
2685
2682
2681
2680
2679
2678
2676
2674
2673
2670
2669
2668
2667
2666
2665
2663
2662
2661
2659
2658
2656
2654
2653
2652
2651
2649
2647
2646
2645
2643
2641
2639
2637
2636
2633
2630
2629
2625
2623
2622
2620
2618
2616
2615
2612
2609
2608
2607
2605
2602
2601
2599
2597
2593
2592
2590
2588
2587
2586
2583
2582
2578
2577
2575
2574
2571
2569
2568
2567
2566
2565
2563
2562
2561
2560
2559
2558
2556
2555
2553
2552
2551
2550
2549
2544
2543
2541
2538
2535
2534
2533
2531
2529
2528
2525
2524
2523
2522
2520
2517
2514
2513
2510
2508
2507
2506
2504
2503
2501
2495
2493
2491
2488
2487
2486
2485
2484
2483
2482
2480
2478
2477
2475
2472
2470
2469
2468
2467
2466
2464
2463
2462
2461
2460
2459
2458
2455
2451
2450
2448
2445
2442
2441
2439
2438
2435
2432
2430
2429
2428
2424
2423
2422
2421
2419
2418
2417
2414
2413
2410
2408
2403
2402
2401
2399
2398
2394
2392
2391
2389
2385
2384
2382
2381
2380
2377
2376
2375
2373
2372
2369
2367
2366
2365
2356
2355
2354
2353
2352
2351
2350
2348
2342
2341
2339
2336
2335
2334
2332
2331
2329
2327
2326
2325
2324
2322
2321
2320
2318
2317
2316
2313
2312
2311
2309
2308
2307
2305
2304
2303
2300
2299
2297
2293
2292
2291
2288
2287
2286
2285
2284
2283
2282
2281
2280
2279
2278
2275
2274
2273
2272
2271
2270
2268
2267
2266
2265
2264
2259
2257
2255
2254
2253
2250
2248
2247
2243
2239
2237
2236
2235
2234
2232
2230
2228
2227
2224
2223
2222
2221
2219
2216
2211
2210
2208
2205
2204
2202
2201
2200
2197
2196
2192
2191
2188
2187
2184
2183
2182
2181
2180
2179
2177
2176
2174
2173
2172
2166
2164
2163
2162
2161
2160
2158
2156
2152
2151
2147
2145
2144
2143
2142
2141
2140
2139
2138
2135
2130
2129
2123
2115
2114
2112
2111
2108
2102
2101
2100
2095
2094
2093
2091
2089
2085
2083
2082
2078
2076
2075
2074
2073
2072
2069
2066
2065
2064
2063
2062
2061
2060
2058
2057
2056
2055
2051
2050
2049
2048
2045
2044
2040
2039
2037
2036
2035
2034
2033
2032
2031
2030
2029
2028
2027
2025
2024
2022
2021
2017
2016
2012
2011
2009
2008
2005
2004
2001
1999
1998
1997
1994
1993
1991
1989
1987
1986
1985
1984
1983
1981
1980
1979
1978
1976
1975
1974
1969
1965
1964
1963
1957
1955
1950
1949
1946
1940
1939
1937
1933
1932
1927
1926
1925
1922
1921
1916
1915
1909
1908
1904
1903
1902
1901
1900
1899
1897
1896
1894
1889
1886
1885
1884
1883
1881
1880
1878
1877
1876
1875
1873
1869
1868
1866
1864
1860
1859
1855
1853
1849
1846
1845
1843
1840
1836
1835
1834
1833
1832
1831
1830
1828
1827
1824
1823
1822
1821
1820
1819
1818
1817
1816
1815
1814
1812
1809
1807
1802
1801
1800
1799
1795
1785
1784
1782
1781
1780
1779
1778
1777
1776
1775
1773
1770
1769
1767
1764
1763
1761
1760
1758
1757
1755
1754
1753
1752
1749
1748
1747
1745
1744
1742
1736
1735
1734
1729
1728
1724
1723
1721
1720
1718
1717
1715
1714
1710
1708
1706
1704
1699
1698
1696
1695
1692
1690
1689
1688
1687
1685
1684
1683
1681
1680
1678
1676
1672
1670
1666
1664
1662
1661
1660
1659
1657
1653
1652
1651
1650
1649
1647
1645
1644
1642
1640
1639
1637
1636
1635
1633
1632
1629
1628
1627
1626
1625
1624
1623
1622
1621
1614
1612
1611
1609
1608
1606
1602
1601
1599
1598
1597
1595
1593
1591
1589
1588
1587
1585
1584
1580
1579
1576
1575
1574
1570
1569
1568
1561
1559
1557
1556
1555
1553
1551
1550
1546
1544
1541
1536
1532
1526
1525
1524
1523
1522
1521
1519
1518
1516
1515
1514
1512
1511
1508
1503
1502
1500
1498
1497
1496
1494
1491
1490
1488
1487
1486
1484
1483
1482
1481
1480
1477
1476
1475
1474
1469
1467
1466
1464
1463
1462
1461
1460
1455
1454
1449
1448
1447
1446
1445
1444
1441
1440
1439
1437
1436
1435
1434
1432
1428
1427
1426
1422
1419
1417
1416
1415
1414
1411
1409
1408
1405
1404
1403
1402
1401
1400
1395
1394
1392
1391
1387
1384
1383
1380
1379
1377
1376
1372
1370
1368
1364
1363
1359
1357
1355
1353
1352
1351
1349
1348
1347
1345
1342
1340
1339
1336
1335
1334
1333
1329
1327
1324
1322
1321
1320
1319
1318
1316
1313
1312
1311
1310
1309
1307
1305
1302
1301
1299
1298
1296
1295
1294
1292
1287
1286
1284
1283
1282
1281
1278
1277
1276
1275
1271
1267
1264
1263
1261
1260
1258
1256
1255
1253
1252
1250
1248
1246
1245
1243
1242
1240
1239
1238
1236
1235
1234
1233
1231
1229
1227
1226
1224
1223
1220
1218
1217
1215
1214
1212
1210
1209
1207
1206
1204
1203
1201
1199
1191
1189
1186
1185
1183
1181
1176
1175
1174
1173
1171
1168
1166
1164
1162
1160
1157
1156
1155
1154
1150
1149
1147
1145
1141
1140
1139
1136
1135
1133
1130
1129
1127
1125
1124
1122
1121
1120
1116
1114
1112
1109
1108
1106
1105
1104
1103
1102
1100
1099
1097
1096
1094
1093
1092
1091
1089
1087
1086
1084
1083
1082
1081
1078
1076
1075
1073
1070
1069
1064
1063
1062
1061
1057
1056
1055
1054
1051
1049
1047
1046
1043
1040
1038
1036
1035
1034
1033
1032
1029
1027
1025
1023
1022
1019
1018
1016
1015
1014
1013
1010
1009
1008
1007
1006
999
998
997
996
994
989
988
985
984
983
982
981
980
976
975
974
972
971
969
966
965
963
961
958
955
952
950
949
948
947
946
939
938
936
935
934
933
928
927
924
922
921
919
917
915
913
912
911
909
908
906
904
903
901
899
897
896
895
894
892
891
888
886
884
882
880
879
878
875
874
872
871
869
868
866
865
864
860
859
857
856
854
853
850
849
848
845
844
842
840
837
836
834
829
828
827
825
820
819
817
816
815
814
813
811
807
805
804
802
800
797
796
795
790
786
785
784
781
779
776
775
774
773
771
769
768
767
766
763
762
761
760
759
758
754
753
752
750
745
744
743
742
741
736
735
734
733
729
728
726
725
724
723
722
720
719
715
713
707
706
703
702
701
699
698
697
695
694
693
692
690
689
688
687
686
685
684
680
672
671
670
669
668
665
660
659
658
656
655
654
652
649
648
647
645
643
637
635
634
633
632
630
629
627
621
620
616
614
612
611
605
604
601
599
598
597
596
595
594
592
591
589
588
587
584
582
581
579
578
577
576
575
573
571
569
567
565
563
559
554
552
550
549
548
546
545
544
539
537
534
532
531
529
526
524
522
521
520
518
517
516
515
514
512
511
507
504
501
500
498
497
495
490
489
486
485
483
482
479
478
475
473
472
470
467
466
464
459
457
456
455
454
452
451
450
449
448
447
446
442
441
439
434
433
432
425
424
422
420
419
416
415
414
413
411
409
408
407
405
404
403
402
401
400
398
395
392
390
388
386
385
384
383
379
374
373
372
371
369
368
367
366
365
364
361
360
359
357
356
354
353
352
351
350
348
345
344
343
341
339
336
334
333
332
331
329
326
323
322
321
316
315
312
305
298
294
292
291
290
289
288
287
286
285
283
281
280
279
277
275
272
268
267
266
265
264
263
260
258
257
255
253
251
248
245
241
240
238
236
235
234
233
231
230
229
225
224
223
221
219
218
212
211
206
204
203
201
200
199
197
196
194
192
190
189
187
186
185
184
183
182
181
179
178
175
173
171
170
168
166
164
163
162
160
159
157
155
149
146
145
144
141
138
137
136
135
133
132
131
130
126
125
124
123
122
121
120
118
117
115
114
112
110
109
107
104
103
101
100
98
94
92
90
89
86
85
82
81
80
79
78
77
75
73
72
71
68
67
66
63
62
61
60
55
54
53
52
50
49
48
46
44
41
40
39
38
37
35
34
33
29
28
25
21
17
14
13
12
10
9
8
7
6
3
