8446
8445
8444
8443
8436
8434
8433
8429
8426
8423
8422
8421
8420
8409
8404
8391
8390
8389
8382
8381
8380
8378
8366
8365
8364
8357
8353
8351
8350
8347
8345
8341
8338
8337
8336
8333
8326
8325
8323
8320
8319
8318
8316
8315
8314
8312
8310
8309
8308
8307
8303
8302
8301
8295
8294
8290
8289
8286
8279
8276
8268
8265
8264
8262
8259
8256
8254
8251
8248
8246
8243
8241
8240
8238
8232
8230
8227
8225
8223
8219
8218
8217
8216
8213
8210
8209
8208
8203
8200
8199
8198
8196
8195
8192
8191
8190
8185
8183
8182
8180
8179
8178
8177
8176
8172
8171
8170
8169
8168
8167
8164
8163
8158
8154
8152
8151
8149
8148
8147
8146
8145
8143
8142
8140
8139
8138
8136
8135
8132
8131
8130
8128
8125
8123
8120
8118
8117
8116
8114
8110
8109
8102
8099
8096
8091
8087
8081
8080
8078
8065
8060
8057
8056
8050
8049
8048
8043
8033
8029
8026
8025
8020
8019
8012
8009
8007
8005
7999
7998
7997
7996
7990
7989
7988
7987
7985
7984
7976
7972
7971
7970
7967
7966
7965
7962
7961
7960
7955
7954
7952
7948
7947
7946
7945
7943
7941
7936
7935
7934
7933
7931
7930
7927
7924
7923
7920
7918
7915
7914
7911
7910
7909
7908
7903
7902
7901
7900
7899
7896
7894
7891
7889
7888
7886
7876
7868
7867
7866
7860
7858
7857
7856
7851
7850
7848
7840
7839
7838
7835
7829
7827
7823
7819
7818
7814
7812
7810
7807
7805
7802
7799
7796
7795
7793
7787
7784
7782
7781
7780
7779
7778
7776
7775
7771
7769
7767
7766
7764
7760
7758
7754
7753
7751
7749
7748
7745
7743
7735
7728
7726
7725
7724
7723
7721
7716
7711
7710
7704
7703
7702
7700
7698
7697
7691
7687
7680
7679
7678
7677
7675
7674
7671
7668
7666
7665
7663
7658
7655
7652
7651
7650
7649
7648
7643
7641
7639
7638
7636
7635
7634
7633
7632
7629
7625
7623
7622
7621
7618
7617
7616
7614
7608
7597
7596
7594
7586
7585
7579
7571
7566
7564
7563
7558
7557
7556
7555
7552
7549
7546
7544
7541
7540
7539
7536
7531
7530
7528
7527
7526
7523
7518
7507
7506
7505
7504
7503
7500
7499
7498
7496
7489
7487
7486
7485
7482
7480
7479
7475
7468
7466
7462
7461
7460
7459
7458
7457
7453
7451
7449
7448
7445
7442
7440
7434
7432
7428
7426
7424
7421
7420
7419
7417
7415
7414
7412
7411
7406
7404
7402
7400
7399
7398
7397
7396
7391
7390
7388
7387
7381
7380
7378
7377
7374
7373
7372
7371
7370
7369
7362
7360
7350
7347
7345
7339
7337
7336
7332
7331
7327
7325
7318
7317
7315
7311
7310
7308
7302
7298
7297
7296
7295
7293
7292
7286
7283
7282
7277
7276
7275
7273
7270
7267
7264
7263
7257
7252
7250
7249
7248
7242
7238
7235
7234
7233
7230
7227
7226
7223
7219
7217
7216
7215
7208
7207
7206
7205
7202
7200
7199
7198
7196
7195
7193
7192
7189
7187
7186
7182
7180
7176
7175
7172
7169
7166
7164
7161
7156
7154
7152
7151
7150
7147
7144
7139
7138
7135
7128
7127
7121
7117
7115
7114
7111
7110
7104
7102
7100
7098
7096
7094
7093
7090
7088
7086
7084
7083
7078
7077
7075
7073
7070
7068
7061
7057
7051
7047
7045
7044
7040
7038
7037
7034
7033
7027
7024
7018
7016
7014
7013
7012
7008
7004
7001
7000
6998
6997
6992
6991
6987
6985
6984
6983
6982
6981
6978
6976
6975
6973
6970
6961
6960
6959
6957
6954
6953
6952
6948
6946
6944
6941
6940
6938
6936
6933
6932
6927
6926
6922
6920
6918
6916
6915
6913
6909
6901
6900
6898
6897
6895
6893
6888
6886
6885
6882
6878
6870
6868
6863
6862
6859
6850
6848
6847
6842
6839
6838
6837
6836
6835
6829
6825
6824
6822
6819
6818
6816
6811
6810
6809
6807
6804
6803
6802
6801
6800
6799
6796
6792
6787
6786
6782
6781
6771
6767
6765
6763
6762
6758
6756
6755
6753
6752
6751
6749
6744
6742
6740
6738
6735
6733
6716
6713
6711
6708
6704
6702
6700
6692
6684
6680
6678
6677
6674
6669
6668
6664
6661
6659
6658
6654
6650
6638
6637
6626
6623
6622
6618
6614
6609
6607
6602
6601
6599
6598
6597
6594
6593
6592
6591
6585
6583
6581
6580
6578
6575
6569
6568
6566
6557
6556
6555
6553
6551
6550
6545
6544
6543
6542
6541
6538
6533
6532
6530
6526
6524
6521
6516
6511
6508
6506
6504
6502
6501
6493
6492
6491
6490
6489
6488
6486
6485
6484
6479
6478
6471
6466
6464
6462
6461
6458
6457
6451
6449
6446
6441
6438
6434
6432
6431
6430
6429
6427
6426
6425
6420
6419
6412
6411
6408
6407
6405
6404
6401
6400
6397
6396
6395
6392
6391
6387
6386
6383
6380
6379
6378
6373
6370
6367
6362
6358
6351
6349
6344
6342
6339
6337
6333
6331
6329
6327
6326
6324
6320
6319
6310
6309
6304
6303
6302
6298
6297
6296
6295
6294
6293
6290
6287
6279
6275
6273
6271
6260
6259
6258
6257
6256
6255
6254
6252
6250
6247
6246
6244
6241
6239
6238
6234
6231
6228
6226
6220
6214
6213
6212
6211
6209
6208
6206
6204
6203
6202
6201
6200
6199
6198
6197
6195
6193
6191
6189
6187
6186
6176
6174
6172
6169
6167
6162
6161
6156
6150
6144
6142
6138
6137
6135
6133
6132
6125
6121
6119
6114
6110
6109
6107
6103
6101
6094
6093
6092
6089
6082
6076
6073
6072
6070
6059
6057
6056
6055
6054
6053
6052
6044
6043
6033
6031
6029
6028
6025
6024
6023
6022
6021
6018
6015
6013
6011
6009
6006
6004
6001
5994
5990
5988
5987
5985
5984
5977
5974
5971
5969
5967
5966
5964
5962
5958
5957
5956
5953
5952
5951
5949
5947
5941
5939
5937
5935
5933
5930
5927
5925
5924
5922
5919
5915
5914
5903
5897
5896
5895
5892
5891
5878
5876
5875
5873
5872
5871
5868
5866
5857
5856
5854
5852
5851
5850
5848
5847
5845
5842
5840
5838
5835
5834
5829
5828
5826
5825
5824
5821
5818
5817
5812
5809
5808
5804
5803
5802
5801
5797
5785
5783
5781
5779
5778
5775
5774
5767
5765
5764
5762
5759
5754
5753
5745
5744
5738
5736
5731
5728
5725
5722
5718
5717
5710
5709
5705
5702
5701
5699
5696
5693
5692
5691
5689
5687
5685
5684
5682
5681
5674
5667
5663
5662
5660
5659
5658
5656
5655
5654
5651
5648
5641
5638
5636
5635
5633
5632
5631
5630
5629
5625
5617
5616
5613
5611
5608
5607
5606
5605
5604
5601
5599
5598
5596
5595
5592
5591
5589
5587
5578
5576
5575
5572
5567
5561
5560
5559
5553
5550
5549
5548
5545
5541
5540
5535
5532
5526
5522
5521
5519
5518
5515
5510
5504
5499
5496
5494
5490
5488
5486
5481
5479
5470
5468
5467
5465
5463
5461
5458
5454
5453
5450
5449
5447
5438
5436
5435
5433
5432
5431
5428
5426
5420
5417
5414
5413
5409
5404
5397
5395
5393
5392
5391
5390
5384
5381
5380
5379
5376
5367
5364
5362
5359
5358
5357
5355
5354
5352
5347
5342
5338
5337
5332
5323
5320
5318
5316
5314
5313
5312
5311
5304
5299
5297
5296
5293
5291
5289
5287
5283
5281
5280
5278
5277
5276
5275
5271
5270
5268
5267
5266
5264
5263
5262
5260
5258
5256
5255
5252
5249
5245
5244
5243
5240
5238
5237
5235
5233
5232
5231
5227
5225
5223
5220
5218
5216
5215
5214
5211
5206
5205
5203
5202
5197
5189
5188
5186
5185
5183
5182
5180
5179
5178
5175
5172
5169
5168
5165
5164
5163
5161
5157
5149
5139
5138
5137
5132
5131
5128
5124
5123
5122
5116
5106
5105
5104
5100
5098
5095
5094
5093
5086
5083
5081
5077
5076
5072
5071
5067
5066
5063
5054
5052
5051
5049
5046
5043
5042
5038
5031
5028
5025
5019
5011
5007
5006
5000
4999
4998
4997
4995
4994
4988
4987
4985
4984
4982
4980
4979
4976
4973
4972
4971
4969
4964
4962
4961
4960
4959
4958
4957
4952
4951
4950
4948
4946
4945
4944
4942
4937
4933
4930
4929
4928
4927
4924
4918
4916
4905
4904
4900
4897
4894
4892
4889
4886
4884
4882
4877
4875
4870
4865
4864
4861
4858
4851
4845
4844
4842
4840
4836
4835
4830
4828
4823
4817
4813
4812
4811
4810
4809
4807
4805
4803
4801
4795
4792
4791
4788
4781
4772
4771
4769
4766
4762
4759
4758
4755
4754
4750
4746
4745
4744
4741
4740
4738
4737
4736
4733
4728
4726
4723
4717
4714
4712
4710
4709
4704
4701
4696
4694
4685
4684
4682
4679
4673
4671
4663
4654
4651
4645
4644
4642
4635
4634
4633
4628
4626
4625
4624
4623
4620
4616
4612
4610
4608
4603
4602
4601
4600
4597
4596
4593
4592
4591
4588
4586
4584
4582
4581
4577
4575
4574
4571
4565
4564
4563
4562
4560
4557
4555
4552
4551
4550
4548
4546
4543
4542
4540
4539
4537
4536
4535
4532
4524
4521
4520
4519
4514
4513
4509
4508
4507
4506
4505
4504
4501
4500
4493
4489
4488
4486
4477
4465
4464
4456
4451
4447
4442
4441
4439
4438
4434
4430
4428
4424
4422
4420
4416
4415
4414
4410
4408
4405
4403
4399
4396
4394
4393
4392
4389
4388
4386
4381
4378
4375
4374
4372
4371
4366
4364
4356
4350
4342
4336
4332
4331
4330
4329
4327
4324
4320
4318
4313
4307
4306
4301
4300
4292
4291
4290
4289
4278
4275
4271
4270
4269
4263
4257
4255
4253
4250
4245
4243
4239
4235
4232
4229
4225
4219
4218
4215
4210
4209
4207
4204
4203
4199
4198
4195
4194
4193
4191
4188
4187
4181
4177
4175
4173
4172
4171
4168
4167
4163
4161
4160
4152
4150
4147
4146
4144
4139
4136
4132
4131
4124
4114
4111
4104
4103
4094
4092
4085
4084
4082
4077
4076
4066
4064
4061
4058
4056
4054
4052
4050
4049
4048
4043
4042
4039
4034
4031
4030
4029
4028
4027
4022
4021
4020
4018
4016
4014
4011
4010
3999
3997
3996
3995
3994
3992
3990
3988
3987
3985
3984
3983
3979
3978
3976
3967
3966
3965
3963
3961
3955
3951
3949
3944
3943
3936
3935
3934
3931
3930
3926
3920
3919
3918
3916
3915
3914
3912
3905
3903
3899
3898
3892
3889
3888
3884
3881
3880
3875
3872
3869
3861
3859
3857
3856
3855
3851
3849
3840
3839
3837
3836
3834
3833
3832
3831
3828
3824
3818
3816
3814
3812
3810
3808
3807
3802
3800
3799
3798
3797
3794
3785
3784
3783
3780
3775
3773
3769
3766
3764
3759
3757
3753
3751
3748
3747
3744
3739
3737
3733
3728
3725
3722
3714
3706
3705
3704
3701
3700
3699
3695
3680
3675
3673
3671
3670
3669
3665
3663
3661
3658
3656
3651
3650
3649
3648
3647
3646
3645
3643
3642
3641
3638
3634
3633
3632
3629
3628
3626
3620
3619
3602
3600
3599
3597
3593
3592
3584
3583
3579
3578
3577
3576
3575
3571
3570
3563
3556
3554
3550
3547
3541
3539
3538
3535
3534
3533
3532
3524
3520
3519
3518
3512
3508
3507
3499
3498
3493
3491
3482
3480
3475
3471
3469
3468
3465
3464
3460
3458
3455
3454
3452
3451
3444
3441
3438
3432
3431
3428
3426
3422
3418
3417
3416
3413
3412
3410
3408
3405
3402
3401
3400
3398
3396
3395
3394
3392
3391
3390
3389
3386
3381
3378
3370
3369
3368
3365
3364
3363
3357
3352
3351
3347
3335
3331
3324
3312
3310
3301
3300
3298
3292
3288
3280
3279
3276
3274
3273
3272
3271
3270
3269
3260
3259
3255
3250
3247
3246
3245
3242
3241
3240
3239
3238
3235
3234
3228
3221
3218
3217
3216
3214
3204
3202
3200
3198
3191
3190
3189
3185
3184
3181
3179
3178
3177
3176
3175
3171
3169
3161
3153
3144
3143
3140
3139
3138
3137
3134
3129
3128
3125
3124
3123
3120
3114
3112
3106
3105
3104
3102
3101
3100
3099
3097
3094
3089
3087
3077
3076
3069
3068
3063
3062
3061
3057
3055
3052
3047
3045
3044
3039
3038
3032
3031
3028
3022
3021
3020
3017
3010
3009
3000
2999
2998
2994
2991
2989
2988
2987
2986
2984
2983
2982
2981
2979
2978
2976
2974
2968
2964
2961
2957
2955
2951
2949
2939
2938
2935
2930
2917
2911
2907
2902
2900
2896
2889
2888
2886
2884
2883
2882
2880
2876
2875
2873
2868
2865
2860
2859
2853
2851
2850
2849
2846
2844
2843
2837
2836
2831
2830
2825
2824
2823
2822
2820
2818
2812
2808
2807
2801
2795
2794
2791
2789
2788
2784
2781
2773
2769
2767
2762
2758
2756
2753
2751
2746
2743
2733
2728
2722
2720
2717
2716
2712
2710
2709
2700
2694
2693
2692
2691
2687
2686
2676
2672
2669
2665
2663
2657
2653
2645
2642
2638
2637
2634
2632
2630
2629
2626
2625
2623
2622
2619
2617
2615
2614
2612
2610
2608
2605
2604
2603
2602
2601
2599
2593
2592
2586
2585
2579
2578
2576
2572
2568
2565
2563
2560
2558
2557
2555
2553
2549
2548
2543
2542
2539
2538
2534
2533
2525
2524
2521
2519
2518
2516
2514
2507
2506
2500
2497
2495
2494
2489
2487
2485
2482
2480
2479
2476
2473
2469
2466
2464
2459
2457
2450
2448
2445
2444
2443
2441
2439
2436
2434
2431
2428
2425
2422
2418
2417
2413
2412
2410
2408
2407
2404
2403
2401
2397
2394
2392
2391
2390
2389
2386
2383
2381
2376
2372
2370
2368
2363
2361
2354
2353
2346
2344
2343
2342
2338
2335
2329
2316
2305
2303
2297
2294
2287
2286
2281
2280
2269
2267
2266
2265
2262
2261
2255
2249
2247
2242
2241
2233
2232
2230
2229
2228
2226
2221
2219
2217
2216
2215
2212
2211
2210
2201
2199
2196
2191
2188
2186
2185
2183
2180
2179
2176
2174
2170
2168
2166
2162
2157
2152
2151
2149
2147
2144
2142
2133
2132
2131
2122
2121
2117
2115
2113
2108
2105
2081
2078
2068
2061
2059
2055
2052
2048
2044
2042
2036
2034
2033
2031
2029
2028
2021
2020
2019
2018
2016
2012
2009
2007
2006
2005
2004
2002
2001
1998
1989
1988
1985
1981
1975
1974
1973
1970
1966
1963
1962
1961
1960
1957
1956
1953
1952
1951
1948
1946
1941
1940
1934
1932
1926
1923
1917
1916
1914
1911
1910
1905
1903
1899
1895
1894
1882
1881
1880
1878
1876
1873
1868
1865
1864
1863
1862
1859
1855
1854
1852
1845
1839
1838
1832
1828
1825
1822
1821
1820
1815
1813
1811
1809
1804
1803
1801
1800
1799
1797
1795
1794
1793
1791
1789
1784
1783
1782
1781
1767
1765
1763
1759
1758
1756
1755
1752
1751
1749
1745
1744
1739
1735
1734
1731
1730
1727
1724
1719
1718
1717
1706
1704
1703
1693
1691
1689
1687
1682
1679
1675
1673
1672
1668
1665
1660
1659
1658
1656
1648
1646
1645
1644
1638
1637
1635
1633
1630
1626
1625
1621
1619
1617
1614
1612
1611
1608
1607
1600
1598
1595
1594
1590
1588
1587
1585
1584
1583
1579
1575
1574
1561
1557
1556
1554
1551
1549
1547
1544
1543
1539
1534
1532
1524
1520
1514
1513
1511
1509
1507
1506
1504
1497
1491
1490
1488
1485
1481
1478
1476
1475
1472
1471
1470
1469
1468
1465
1463
1462
1457
1454
1452
1451
1449
1442
1437
1436
1432
1429
1428
1427
1425
1423
1420
1415
1414
1410
1405
1398
1396
1395
1394
1392
1384
1379
1376
1372
1371
1369
1368
1364
1360
1359
1358
1356
1351
1349
1347
1345
1344
1340
1334
1332
1331
1329
1328
1327
1326
1325
1321
1319
1318
1316
1310
1308
1303
1302
1301
1300
1297
1290
1287
1281
1279
1278
1274
1270
1268
1267
1259
1256
1255
1253
1252
1250
1247
1245
1240
1238
1237
1235
1231
1228
1227
1226
1225
1223
1219
1216
1210
1206
1204
1199
1196
1193
1191
1186
1183
1177
1168
1167
1166
1161
1158
1156
1154
1151
1149
1148
1146
1141
1137
1131
1128
1125
1122
1121
1119
1117
1116
1114
1113
1112
1106
1102
1101
1099
1098
1095
1093
1092
1091
1090
1089
1087
1086
1082
1080
1079
1077
1075
1068
1066
1063
1062
1057
1055
1050
1049
1048
1047
1045
1044
1042
1041
1038
1036
1033
1029
1028
1026
1022
1016
1015
1012
1011
1007
1002
1001
1000
992
990
989
988
983
982
979
977
975
974
970
969
968
966
965
957
955
952
949
944
943
941
940
933
932
929
922
916
913
911
909
905
898
897
895
893
891
889
888
882
874
873
872
868
866
865
863
862
860
859
858
856
855
854
851
850
847
839
838
834
828
822
821
820
819
813
811
808
807
806
805
799
798
794
792
791
789
782
779
778
775
773
770
769
768
767
765
763
762
760
756
755
754
753
751
750
743
742
741
740
733
732
731
729
727
726
724
722
720
713
705
704
699
693
690
688
685
684
683
682
679
670
666
658
656
654
652
647
646
645
643
641
637
635
631
628
626
625
618
616
611
610
605
604
603
597
596
595
593
591
590
587
586
584
579
578
577
576
575
574
573
571
569
567
565
563
559
554
553
552
550
548
546
542
538
531
529
527
526
521
518
517
516
514
507
504
501
495
494
490
486
485
484
483
479
477
473
472
466
459
455
454
451
449
448
446
444
441
439
434
432
427
425
424
422
416
415
414
413
409
408
406
405
404
403
400
398
395
392
386
385
383
378
374
372
369
368
367
365
364
361
360
359
357
354
353
352
351
350
348
343
341
339
336
334
326
323
321
319
316
315
312
305
304
302
292
289
288
286
285
284
281
280
279
275
272
268
267
266
265
264
263
260
253
248
245
241
236
234
233
229
228
224
223
221
219
218
212
211
206
205
199
197
192
190
187
186
185
184
183
181
179
178
173
171
168
165
164
163
160
159
146
145
144
141
138
137
133
130
126
125
124
123
121
120
118
117
114
112
107
103
101
100
98
94
90
89
86
85
81
80
79
78
77
75
73
71
68
66
63
61
60
54
53
50
49
48
44
41
39
38
37
35
34
33
27
25
21
14
9
8
7
6
