17.5794  68.3984  10.63129392  0.02624210311
17.8794  67.7984  10.35398031  0.02624210311
17.8044  67.9484  7.212491186  0.02624210311
17.6544  68.2484  6.429598425  0.02624210311
17.8794  68.0984  5.108888344  0.02624210311
17.6919  68.1734  3.178819185  0.02624210311
17.2794  68.0984  2.639904526  0.02624210311
17.3919  68.1734  2.426004605  0.02624210311
17.72236875  68.0562125  2.15507361  0.02624210311
17.570025  68.04215  0.1403798549  0.02624210311
17.382525  68.11715  -0.5323032589  0.02624210311
17.63638242  68.08404453  -1.431017061  0.02624210311
17.45477842  68.08660801  -2.658804787  0.02624210311
17.52139219  68.12535313  -2.878863917  0.02624210311
17.52549375  68.0749625  -3.044548527  0.02624210311
17.46748594  68.10191563  -3.406609801  0.02624210311
17.5794  68.0984  -3.439395397  0.02624210311
17.52446836  68.08756016  -3.848643195  0.02624210311
17.49269727  68.10289066  -3.854952574  0.02624210311
17.55587953  68.10075863  -3.863911334  0.02624210311
17.5334863  68.1053397  -3.96709357  0.02624210311
17.5482446  68.095452  -3.995723543  0.02624210311
17.50971006  68.09744785  -4.019039693  0.02624210311
17.53813764  68.09912944  -4.060708466  0.02624210311
17.52437838  68.0946924  -4.061702753  0.02624210311
17.51641311  68.10030809  -4.065814219  0.02624210311
17.53123182  68.10089481  -4.070386869  0.02624210311
17.53435777  68.09731167  -4.082211151  0.02624210311
17.52125243  68.09827555  -4.083974015  0.02624210311
17.52951846  68.09934421  -4.08771209  0.02624210311
17.52582688  68.09720558  -4.089362418  0.02624210311
17.52987161  68.09806077  -4.091194909  0.02624210311
17.52547373  68.09848902  -4.09168531  0.02624210311
17.52674977  68.09774024  -4.091726856  0.02624210311
initial starting values: 17.5794  68.0984  941.3024565
final values: 17.52674977  68.09774024  936.2107297
angular separation: 0.01965061493 degrees
