17.5794  68.3984  9.98323805  0.02619237103
17.8794  67.7984  9.706239751  0.02619237103
17.8044  67.9484  6.564490698  0.02619237103
17.6544  68.2484  5.78092798  0.02619237103
17.8794  68.0984  4.460662155  0.02619237103
17.6919  68.1734  2.530477248  0.02619237103
17.2794  68.0984  1.992272535  0.02619237103
17.3919  68.1734  1.77763857  0.02619237103
17.72236875  68.0562125  1.506691925  0.02619237103
17.570025  68.04215  -0.5074315904  0.02619237103
17.382525  68.11715  -1.179914752  0.02619237103
17.63638242  68.08404453  -2.079567608  0.02619237103
17.45477842  68.08660801  -3.306401428  0.02619237103
17.52139219  68.12535313  -3.527074946  0.02619237103
17.52549375  68.0749625  -3.692342844  0.02619237103
17.46748594  68.10191563  -4.055081944  0.02619237103
17.5794  68.0984  -4.087848733  0.02619237103
17.52446836  68.08756016  -4.49700434  0.02619237103
17.49269727  68.10289066  -4.503035374  0.02619237103
17.55587953  68.10075863  -4.511938887  0.02619237103
17.5334863  68.1053397  -4.61531633  0.02619237103
17.5482446  68.095452  -4.643749383  0.02619237103
17.50971006  68.09744785  -4.667433676  0.02619237103
17.52951846  68.09934421  -4.707170991  0.02619237103
17.52437838  68.0946924  -4.709902687  0.02619237103
17.53123182  68.10089481  -4.718431289  0.02619237103
17.53435777  68.09731167  -4.730544022  0.02619237103
17.53279479  68.09910324  -4.7307716  0.02619237103
17.52125243  68.09827555  -4.732470332  0.02619237103
17.53147218  68.09710474  -4.734603525  0.02619237103
17.52413802  68.09848247  -4.734842578  0.02619237103
17.52624212  68.09958518  -4.737153325  0.02619237103
17.5299092  68.09889632  -4.737551492  0.02619237103
17.52544553  68.09786236  -4.73949665  0.02619237103
17.52754964  68.09896507  -4.73956323  0.02619237103
17.5278051  68.09779361  -4.740427968  0.02619237103
17.52656145  68.09812085  -4.740514219  0.02619237103
initial starting values: 17.5794  68.0984  943.2639575
final values: 17.52656145  68.09812085  937.5234433
angular separation: 0.01971159811 degrees
