_2FGLJ0534.5+2201
   Spectrum: PLSuperExpCutoff
0      Prefactor:  2.517e-04  4.572e-04  1.000e-04  1.000e+04 ( 1.000e-09)
1         Index1:  5.255e-01  3.025e-01  0.000e+00  5.000e+00 (-1.000e+00)
2          Scale:  4.850e+02  0.000e+00  3.000e+01  5.000e+05 ( 1.000e+00) fixed
3         Cutoff:  1.000e+05  2.181e+02  1.000e+02  1.000e+05 ( 1.000e+00)
4         Index2:  1.000e+00  0.000e+00  0.000e+00  5.000e+00 ( 1.000e+00) fixed
Flux: 4.16886587953e-10
TS: 1.42e+32
Sigma: 1.19163752878e+16

=====================================
