138.236  -20.7403  3.59585685  0.02950078491
138.02975  -21.0028  1.51918598  0.02950078491
138.536  -21.3403  0.4074410147  0.02950078491
138.536  -21.0403  -2.294765721  0.02950078491
138.161  -21.1903  -4.992798507  0.02950078491
138.3719375  -21.255925  -7.733936629  0.02950078491
138.461  -21.1903  -8.048804092  0.02950078491
138.236  -21.0403  -8.691253353  0.02950078491
138.423207  -21.15104219  -10.24470504  0.02950078491
138.25475  -21.1528  -11.72716505  0.02950078491
138.3684219  -21.08483125  -11.92967488  0.02950078491
138.2699844  -21.09420625  -12.95808526  0.02950078491
138.3531875  -21.143425  -13.3156426  0.02950078491
138.2779128  -21.0925583  -13.6126623  0.02950078491
138.2951064  -21.06681367  -14.1878261  0.02950078491
138.3400039  -21.10182344  -14.41906316  0.02950078491
138.3258178  -21.07705842  -14.62439625  0.02950078491
138.2978176  -21.08703538  -14.91396608  0.02950078491
138.3208605  -21.11099874  -14.99998626  0.02950078491
138.30829  -21.10841523  -15.02227957  0.02950078491
138.3244811  -21.09950715  -15.15424825  0.02950078491
138.3096267  -21.0859665  -15.23714286  0.02950078491
138.3175784  -21.08803774  -15.25545403  0.02950078491
138.312672  -21.10057603  -15.26617308  0.02950078491
138.3085185  -21.09327681  -15.27729961  0.02950078491
138.3120935  -21.08959898  -15.30329982  0.02950078491
138.3178152  -21.09638921  -15.30499349  0.02950078491
138.3138986  -21.09744146  -15.31213756  0.02950078491
138.3140276  -21.09039421  -15.31398804  0.02950078491
138.3170513  -21.09554257  -15.31473338  0.02950078491
138.3124352  -21.09222456  -15.32181065  0.02950078491
138.3154911  -21.09561111  -15.32357388  0.02950078491
138.3139954  -21.09215603  -15.32546523  0.02950078491
138.3142355  -21.09500612  -15.32677936  0.02950078491
138.3135892  -21.09305407  -15.32739291  0.02950078491
138.3146417  -21.09410808  -15.32851464  0.02950078491
initial starting values: 138.236  -21.0403  221.7354269
final values: 138.3146417  -21.09410808  205.4069122
angular separation: 0.09099834336 degrees
