350.972  34.2881  3.176221403  0.03232532691
350.672  34.8881  0.5840075075  0.03232532691
350.972  34.5881  0.3654893516  0.03232532691
350.447  34.7381  -2.444154643  0.03232532691
350.747  34.7381  -3.973983404  0.03232532691
350.50325  34.5506  -6.228033699  0.03232532691
350.57825  34.7006  -6.729661297  0.03232532691
350.6579375  34.484975  -7.213760238  0.03232532691
350.5446318  34.6415668  -10.33159562  0.03232532691
350.7059844  34.63731875  -10.95676816  0.03232532691
350.6380156  34.53888125  -11.16145483  0.03232532691
350.6734648  34.54884219  -11.66304189  0.03232532691
350.5641875  34.597475  -12.39471196  0.03232532691
350.5981719  34.64669375  -13.19746511  0.03232532691
350.672  34.5881  -14.20932141  0.03232532691
350.6575164  34.61626162  -14.69853169  0.03232532691
350.6497501  34.59002204  -15.20549363  0.03232532691
350.5996367  34.60743594  -15.24674548  0.03232532691
350.6169951  34.62223086  -15.41047031  0.03232532691
350.6372695  34.5888782  -15.431277  0.03232532691
350.6061496  34.60539202  -15.51109928  0.03232532691
350.640158  34.6014667  -15.6988432  0.03232532691
350.6141066  34.60964236  -15.75555804  0.03232532691
350.6322009  34.59721636  -15.77508497  0.03232532691
350.6162662  34.60907005  -15.79735474  0.03232532691
350.6224725  34.60996894  -15.83959786  0.03232532691
350.6316559  34.60244803  -15.84866903  0.03232532691
350.6299497  34.60496686  -15.86573456  0.03232532691
350.6259214  34.60206001  -15.87289677  0.03232532691
350.6221009  34.60629174  -15.87290509  0.03232532691
350.6249046  34.6067808  -15.87601005  0.03232532691
350.6230175  34.60473728  -15.87843119  0.03232532691
350.6278084  34.60410353  -15.87916955  0.03232532691
350.6251588  34.6056006  -15.883962  0.03232532691
350.6247506  34.60479467  -15.88465238  0.03232532691
350.6263816  34.60465059  -15.88482396  0.03232532691
initial starting values: 350.672  34.5881  226.4660312
final values: 350.6263816  34.60465059  209.5812072
angular separation: 0.04103733008 degrees
