305.636  76.5431  -12.86502998  0.0299890151
305.936  75.9431  -14.82715753  0.0299890151
305.711  76.3931  -18.80722936  0.0299890151
305.861  76.0931  -21.39851361  0.0299890151
305.936  76.2431  -28.0209874  0.0299890151
305.336  76.2431  -28.48659314  0.0299890151
305.8235  76.1681  -29.87586304  0.0299890151
305.814125  76.26185  -30.16464182  0.0299890151
305.5235  76.1681  -30.46126961  0.0299890151
305.6446426  76.16604922  -31.40520986  0.0299890151
305.6986953  76.25364687  -32.98741185  0.0299890151
305.5305312  76.2477875  -33.13688509  0.0299890151
305.701625  76.18685  -33.36079555  0.0299890151
305.5961562  76.1915375  -33.49189436  0.0299890151
305.6174697  76.24559023  -34.00397701  0.0299890151
305.636  76.2431  -34.16586887  0.0299890151
305.6588516  76.20208437  -34.4522174  0.0299890151
305.621791  76.20706484  -34.56483642  0.0299890151
305.6011001  76.22881777  -34.63501931  0.0299890151
305.6577712  76.21171572  -34.78422826  0.0299890151
305.6207107  76.21669619  -34.79761078  0.0299890151
305.6500874  76.22682936  -34.80834259  0.0299890151
305.6564105  76.21367724  -34.82291288  0.0299890151
305.6610534  76.22313235  -34.84055052  0.0299890151
305.6381606  76.2238373  -34.85540148  0.0299890151
305.6436035  76.21599124  -34.8555266  0.0299890151
305.6369798  76.21847475  -34.866828  0.0299890151
305.6467817  76.22257453  -34.86949253  0.0299890151
305.6509677  76.22152331  -34.87327598  0.0299890151
305.6499721  76.21816465  -34.87467095  0.0299890151
305.6427231  76.22129729  -34.87611648  0.0299890151
305.6452244  76.21870077  -34.87696041  0.0299890151
305.6474708  76.22076117  -34.87829313  0.0299890151
305.6445354  76.22051413  -34.87873707  0.0299890151
305.6456137  76.21966921  -34.87923392  0.0299890151
initial starting values: 305.636  76.2431  12104.64901
final values: 305.6456137  76.21966921  12068.76977
angular separation: 0.02354224624 degrees
