83.9315  21.7196  132.1330836  0.008627390939
83.6315  22.3196  77.7170202  0.008627390939
83.9315  22.0196  60.26093933  0.008627390939
83.4065  22.1696  52.31785118  0.008627390939
83.46275  21.9821  -15.36700018  0.008627390939
83.7065  22.1696  -29.58960568  0.008627390939
83.72525  21.9071  -40.60036619  0.008627390939
83.53775  22.1321  -43.76142996  0.008627390939
83.6455625  22.122725  -87.3503909  0.008627390939
83.7393125  22.010225  -95.68550523  0.008627390939
83.55767187  22.07819375  -96.43117478  0.008627390939
83.56909766  22.01198281  -129.9322502  0.008627390939
83.66548437  22.06881875  -142.6343952  0.008627390939
83.60308203  22.06120156  -143.5619391  0.008627390939
83.65991797  21.97799844  -147.1462519  0.008627390939
83.6077146  22.04204873  -160.607746  0.008627390939
83.6413877  22.05460977  -162.9461733  0.008627390939
83.66980566  22.0130082  -166.1853299  0.008627390939
83.65908627  22.03005361  -173.1398914  0.008627390939
83.63976263  22.0044114  -173.6219275  0.008627390939
83.62167296  22.02702722  -174.5791247  0.008627390939
83.64602026  22.03545693  -175.6338945  0.008627390939
83.6542829  22.02026833  -175.8655075  0.008627390939
83.6315  22.0196  -177.9887503  0.008627390939
83.64445586  22.02769555  -178.1354346  0.008627390939
83.64007112  22.01647591  -178.208808  0.008627390939
83.64613041  22.02195806  -178.2402112  0.008627390939
83.63343346  22.01953616  -178.3049616  0.008627390939
83.63383696  22.02307422  -178.5084628  0.008627390939
83.64116731  22.01928082  -178.618846  0.008627390939
83.6366077  22.02014164  -178.6814371  0.008627390939
83.63933472  22.02022917  -178.7685044  0.008627390939
83.63841843  22.02070334  -178.8028909  0.008627390939
83.63745841  22.02419763  -178.803093  0.008627390939
83.64098583  22.02396464  -178.8131167  0.008627390939
83.64112359  22.02230093  -178.8253769  0.008627390939
83.64018544  22.02428517  -178.8329737  0.008627390939
83.63793296  22.022828  -178.860815  0.008627390939
83.64020729  22.02277511  -178.8656475  0.008627390939
83.63839657  22.0222134  -178.8658978  0.008627390939
83.63974368  22.02338971  -178.8699396  0.008627390939
83.63893891  22.02204983  -178.8703767  0.008627390939
83.63963871  22.02278833  -178.8786937  0.008627390939
83.63904388  22.02265121  -178.8810994  0.008627390939
initial starting values: 83.6315  22.0196  2014.895242
final values: 83.63904388  22.02265121  1835.014143
angular separation: 0.00763015446 degrees
