32.6764  -52.7996  5.749169692  0.03189594162
32.3764  -52.1996  3.911779157  0.03189594162
32.1514  -52.3496  1.857048645  0.03189594162
32.6764  -52.4996  -1.345988194  0.03189594162
32.47015  -52.6121  -2.161507539  0.03189594162
32.4514  -52.3496  -2.198808197  0.03189594162
32.2873375  -52.452725  -3.866647385  0.03189594162
32.54661484  -52.40760781  -3.982774506  0.03189594162
32.54515  -52.4621  -6.453809673  0.03189594162
32.40100937  -52.54413125  -6.607753121  0.03189594162
32.4560875  -52.415225  -7.074647074  0.03189594162
32.3764  -52.4996  -8.055822863  0.03189594162
32.3805748  -52.46429727  -8.772067092  0.03189594162
32.39558945  -52.50575234  -8.902841587  0.03189594162
32.48069687  -52.45975625  -9.711464787  0.03189594162
32.44231797  -52.44745156  -9.948594296  0.03189594162
32.42729417  -52.51133706  -10.16995423  0.03189594162
32.45566636  -52.4608915  -10.55190252  0.03189594162
32.41895371  -52.47660195  -10.65231293  0.03189594162
32.44565049  -52.50348184  -11.08473022  0.03189594162
32.46359139  -52.47545526  -11.08648548  0.03189594162
32.44064713  -52.47210671  -11.10461383  0.03189594162
32.4323021  -52.49004189  -11.109434  0.03189594162
32.47151642  -52.49001901  -11.14231278  0.03189594162
32.46609307  -52.49114282  -11.29019311  0.03189594162
32.44189797  -52.47995049  -11.30256257  0.03189594162
32.44012442  -52.48639523  -11.32779084  0.03189594162
32.45163621  -52.48173084  -11.39566454  0.03189594162
32.45960091  -52.48995592  -11.4094254  0.03189594162
32.44794268  -52.49205518  -11.41234282  0.03189594162
32.44661658  -52.48758213  -11.42345881  0.03189594162
32.45222197  -52.4919914  -11.43541595  0.03189594162
32.45399552  -52.48554666  -11.43938437  0.03189594162
32.44986267  -52.48817558  -11.44710114  0.03189594162
32.45469518  -52.48842446  -11.44955596  0.03189594162
32.45248231  -52.48717379  -11.45131642  0.03189594162
32.45207553  -52.48942626  -11.4515789  0.03189594162
32.45348705  -52.48836224  -11.45267886  0.03189594162
initial starting values: 32.3764  -52.4996  168.5478621
final values: 32.45348705  -52.48836224  156.0951832
angular separation: 0.04826066332 degrees
